     1   -583.4630  0.7261248E+00  0.2465852E-04 -0.7748293E-04 -0.5589133E-03
     1   -561.9330  0.7257842E+00  0.2684964E-04 -0.8609594E-04 -0.6055551E-03
     1   -540.4030  0.7253442E+00  0.3080509E-04 -0.9843548E-04 -0.6684888E-03
     1   -518.8730  0.7248556E+00  0.3446426E-04 -0.1124983E-03 -0.7396464E-03
     1   -497.3430  0.7243089E+00  0.3977469E-04 -0.1299202E-03 -0.8231502E-03
     1   -475.8130  0.7236999E+00  0.4495916E-04 -0.1501314E-03 -0.9182089E-03
     1   -454.2830  0.7230149E+00  0.5219289E-04 -0.1752300E-03 -0.1030545E-02
     1   -432.7530  0.7222443E+00  0.5962812E-04 -0.2050449E-03 -0.1160291E-02
     1   -411.2230  0.7213698E+00  0.6970701E-04 -0.2423665E-03 -0.1315337E-02
     1   -389.6930  0.7203735E+00  0.8049380E-04 -0.2876979E-03 -0.1497237E-02
     1   -368.1630  0.7192293E+00  0.9479297E-04 -0.3451585E-03 -0.1717704E-02
     1   -346.6330  0.7179080E+00  0.1106041E-03 -0.4166164E-03 -0.1981166E-02
     1   -325.1030  0.7163680E+00  0.1312047E-03 -0.5088345E-03 -0.2306149E-02
     1   -303.5730  0.7145596E+00  0.1544751E-03 -0.6265455E-03 -0.2703253E-02
     1   -282.0430  0.7124122E+00  0.1842300E-03 -0.7819420E-03 -0.3204174E-02
     1   -260.5130  0.7098368E+00  0.2178950E-03 -0.9861065E-03 -0.3833496E-02
     1   -238.9830  0.7067031E+00  0.2594288E-03 -0.1263147E-02 -0.4651016E-02
     1   -217.4530  0.7028386E+00  0.3043863E-03 -0.1638964E-02 -0.5716101E-02
     1   -195.9230  0.6979796E+00  0.3546495E-03 -0.2165110E-02 -0.7157101E-02
     1   -174.3930  0.6917489E+00  0.3992229E-03 -0.2901848E-02 -0.9132395E-02
     1   -152.8630  0.6835328E+00  0.4356257E-03 -0.3963127E-02 -0.1197396E-01
     1   -131.3330  0.6723471E+00  0.4644308E-03 -0.5484167E-02 -0.1619643E-01
     1   -109.8030  0.6563335E+00  0.6218025E-03 -0.7761136E-02 -0.2295176E-01
     1    -88.2730  0.6318324E+00  0.1552908E-02 -0.1141265E-01 -0.3448987E-01
     1    -66.7430  0.5900705E+00  0.5595141E-02 -0.1958907E-01 -0.5612877E-01
     1    -45.2130  0.5201038E+00  0.1577745E-01 -0.3888793E-01 -0.9086425E-01
     1    -23.6830  0.4356659E+00  0.2779970E-01 -0.6323263E-01 -0.1182919E+00
     1     -2.1530  0.3591020E+00  0.3078555E-01 -0.7286014E-01 -0.1144079E+00
     1     19.3770  0.2927529E+00  0.1997341E-01 -0.5469515E-01 -0.7963511E-01
     1     40.9070  0.2462414E+00  0.3207273E-04 -0.1952485E-01 -0.3816842E-01
     1     62.4370  0.2398779E+00 -0.2445494E-01  0.1388155E-01 -0.1145304E-01
     1     83.9670  0.2654318E+00 -0.4719259E-01  0.3244232E-01 -0.2134804E-02
     1    105.4970  0.2722821E+00 -0.5157924E-01  0.3462671E-01  0.1151445E-02
     1    127.0270  0.2467006E+00 -0.3309086E-01  0.2094615E-01  0.7450903E-02
     1    148.5570  0.2389067E+00 -0.7829817E-02 -0.9732502E-02  0.2810609E-01
     1    170.0870  0.2722477E+00  0.1396856E-01 -0.4388180E-01  0.6383536E-01
     1    191.6170  0.3336565E+00  0.2808896E-01 -0.6758446E-01  0.1009515E+00
     1    213.1470  0.4074481E+00  0.2998766E-01 -0.6707423E-01  0.1172210E+00
     1    234.6770  0.4882237E+00  0.1988739E-01 -0.4744463E-01  0.1026323E+00
     1    256.2070  0.5650383E+00  0.8445043E-02 -0.2533345E-01  0.6879669E-01
     1    277.7370  0.6169764E+00  0.2290796E-02 -0.1368121E-01  0.4167122E-01
     1    299.2670  0.6470266E+00  0.5418342E-03 -0.8904060E-02  0.2671149E-01
     1    320.7970  0.6657722E+00  0.2790178E-03 -0.6255884E-02  0.1835695E-01
     1    342.3270  0.6785065E+00  0.2659282E-03 -0.4519492E-02  0.1327985E-01
     1    363.8570  0.6876725E+00  0.2719376E-03 -0.3306291E-02  0.9935314E-02
     1    385.3870  0.6944994E+00  0.2482914E-03 -0.2471555E-02  0.7635478E-02
     1    406.9170  0.6997339E+00  0.2215817E-03 -0.1879315E-02  0.5974141E-02
     1    428.4470  0.7038226E+00  0.1856298E-03 -0.1462668E-02  0.4747455E-02
     1    449.9771  0.7070739E+00  0.1586213E-03 -0.1161271E-02  0.3806531E-02
     1    471.5071  0.7096856E+00  0.1294569E-03 -0.9436774E-03  0.3073825E-02
     1    493.0370  0.7118038E+00  0.1111535E-03 -0.7861043E-03  0.2484106E-02
     1    514.5670  0.7135274E+00  0.9098604E-04 -0.6707223E-03  0.2001580E-02
     1    536.0970  0.7149312E+00  0.8133853E-04 -0.5917425E-03  0.1594565E-02
     1    557.6271  0.7160668E+00  0.6872220E-04 -0.5354964E-03  0.1242357E-02
     1    579.1570  0.7169728E+00  0.6657558E-04 -0.5066863E-03  0.9286894E-03
     1    600.6870  0.7176767E+00  0.6032664E-04 -0.4919847E-03  0.6375012E-03
     1    622.2170  0.7181930E+00  0.6547139E-04 -0.5041476E-03  0.3598873E-03
     1    643.7471  0.7185332E+00  0.6568389E-04 -0.5288207E-03  0.7891386E-04
     1    665.2770  0.7186934E+00  0.7956939E-04 -0.5872307E-03 -0.2119925E-03
     1    686.8070  0.7186678E+00  0.8821377E-04 -0.6642642E-03 -0.5357566E-03
     1    708.3370  0.7184317E+00  0.1149469E-03 -0.7932247E-03 -0.9024559E-03
     1    729.8671  0.7179528E+00  0.1371758E-03 -0.9614349E-03 -0.1350099E-02
     1    751.3970  0.7171646E+00  0.1857379E-03 -0.1224804E-02 -0.1905271E-02
     1    772.9270  0.7159772E+00  0.2327923E-03 -0.1585787E-02 -0.2645816E-02
     1    794.4570  0.7142203E+00  0.3216742E-03 -0.2155187E-02 -0.3657819E-02
     1    815.9871  0.7116175E+00  0.4166075E-03 -0.3002682E-02 -0.5154374E-02
     1    837.5171  0.7076124E+00  0.5866826E-03 -0.4424155E-02 -0.7494921E-02
     1    859.0470  0.7009955E+00  0.8229028E-03 -0.6855565E-02 -0.1163882E-01
     1    880.5770  0.6887164E+00  0.1469947E-02 -0.1162810E-01 -0.1994246E-01
     1    902.1071  0.6616374E+00  0.4105160E-02 -0.2232689E-01 -0.3988061E-01
     1    923.6371  0.6021779E+00  0.1543250E-01 -0.4736269E-01 -0.8411720E-01
     1    945.1670  0.5217883E+00  0.3810521E-01 -0.8431569E-01 -0.1377065E+00
     1    966.6970  0.4707992E+00  0.5603229E-01 -0.1080392E+00 -0.1591142E+00
     1    988.2271  0.4584014E+00  0.6055294E-01 -0.1095210E+00 -0.1427051E+00
     1   1009.7571  0.4723351E+00  0.4526168E-01 -0.8396289E-01 -0.9209366E-01
     1   1031.2870  0.4915118E+00 -0.2741929E-02 -0.1270171E-01 -0.1795872E-01
     1   1052.8170  0.4761707E+00 -0.7397353E-01  0.8135019E-01  0.2238477E-01
     1   1074.3470  0.4473364E+00 -0.1203252E+00  0.1334294E+00  0.1404794E-01
     1   1095.8771  0.4405182E+00 -0.1306391E+00  0.1424609E+00 -0.4427320E-02
     1   1117.4070  0.4613546E+00 -0.1074947E+00  0.1159225E+00 -0.2059733E-01
     1   1138.9370  0.4881110E+00 -0.4908192E-01  0.4783390E-01 -0.1597073E-01
     1   1160.4670  0.4843230E+00  0.2070672E-01 -0.4570208E-01  0.4769064E-01
     1   1181.9971  0.4627000E+00  0.5518661E-01 -0.9872670E-01  0.1178340E+00
     1   1203.5271  0.4592632E+00  0.6080607E-01 -0.1121298E+00  0.1542655E+00
     1   1225.0570  0.4892044E+00  0.5060844E-01 -0.1008701E+00  0.1540937E+00
     1   1246.5870  0.5537445E+00  0.2994638E-01 -0.7072470E-01  0.1189375E+00
     1   1268.1171  0.6306904E+00  0.1050379E-01 -0.3654619E-01  0.6477069E-01
     1   1289.6471  0.6766421E+00  0.3235653E-02 -0.1747453E-01  0.3063740E-01
     1   1311.1770  0.6968124E+00  0.1634640E-02 -0.9543700E-02  0.1650107E-01
     1   1332.7070  0.7067543E+00  0.1067962E-02 -0.5775196E-02  0.1023749E-01
     1   1354.2371  0.7124806E+00  0.8059577E-03 -0.3810531E-02  0.7050375E-02
     1   1375.7671  0.7162828E+00  0.5877793E-03 -0.2596675E-02  0.5101548E-02
     1   1397.2970  0.7189296E+00  0.4612228E-03 -0.1869620E-02  0.3880860E-02
     1   1418.8270  0.7209117E+00  0.3459302E-03 -0.1358395E-02  0.3012138E-02
     1   1440.3571  0.7224123E+00  0.2800927E-03 -0.1035190E-02  0.2419059E-02
     1   1461.8871  0.7236105E+00  0.2148549E-03 -0.7848540E-03  0.1959401E-02
     1   1483.4171  0.7245640E+00  0.1791763E-03 -0.6234535E-03  0.1630649E-02
     1   1504.9471  0.7253574E+00  0.1398741E-03 -0.4871642E-03  0.1360123E-02
     1   1526.4772  0.7260108E+00  0.1198264E-03 -0.3996987E-03  0.1161312E-02
     1   1548.0070  0.7265702E+00  0.9477265E-04 -0.3193259E-03  0.9898475E-03
     1   1569.5370  0.7270424E+00  0.8320039E-04 -0.2689920E-03  0.8618112E-03
     1   1591.0670  0.7274560E+00  0.6641365E-04 -0.2184967E-03  0.7469459E-03
     1   1612.5970  0.7278109E+00  0.5963096E-04 -0.1881905E-03  0.6604451E-03
     1   1634.1271  0.7281272E+00  0.4789174E-04 -0.1547984E-03  0.5801016E-03
     1   1655.6571  0.7284030E+00  0.4391508E-04 -0.1359364E-03  0.5193987E-03
     1   1677.1871  0.7286523E+00  0.3539294E-04 -0.1128908E-03  0.4612137E-03
     1   1698.7172  0.7288719E+00  0.3310787E-04 -0.1008619E-03  0.4172783E-03
     1   1720.2469  0.7290720E+00  0.2671827E-04 -0.8436675E-04  0.3739290E-03
     1   1741.7770  0.7292511E+00  0.2547285E-04 -0.7655920E-04  0.3412911E-03
     1   1763.3070  0.7294142E+00  0.2055057E-04 -0.6440531E-04  0.3083051E-03
     1   1784.8370  0.7295606E+00  0.1997733E-04 -0.5935694E-04  0.2837747E-03
     1   1806.3671  0.7296758E+00  0.1639805E-04 -0.5110928E-04  0.2616673E-03
